Record	Type	Sample Name	Measurement Date and Time	Z-Ave (d.nm)	PdI	Mean Count Rate (kcps)	Derived Count Rate (kcps)	T (°C)	Rinse Fluid Scattering (kcps)	Cumulants Fit Error	Attenuation Factor	Multimodal Fit Error	In Range	PdI	Pk 1 Mean Int (d.nm)	Pk 2 Mean Int (d.nm)	Pk 3 Mean Int (d.nm)	Pk 1 Area Int (Percent)	Pk 2 Area Int (Percent)	Peak 3 Area Intensity (Percent)	Aggregation Index	Scattering Angle (°)	Number Mean (d.nm)
2	Size	MPPASE 1  (well A1)	29 September 2016 13:52:11	685.7	0.437	553.4	1553.6	25.0	46.5	0.00290	0.356	0.00129	89.9	0.437	1090	239.7	0.000	74.4	25.6	0.0		90.0	273.5
3	Size	MPPASE 2  (well A1)	29 September 2016 13:54:28	518.1	0.284	475.3	1334.4	25.0	46.5	7.01e-4	0.356	0.00157	93.0	0.284	438.0	0.000	0.000	100.0	0.0	0.0		90.0	427.0
4	Size	MPPASE 3  (well A1)	29 September 2016 13:56:45	533.5	0.348	260.2	730.4	25.0	46.5	0.00115	0.356	0.00176	87.6	0.348	419.9	4670	0.000	76.7	23.3	0.0		90.0	413.6
5	Size	MPPASE 1  (well A2)	29 September 2016 14:02:23	743.2	0.920	407.0	407.0	25.0	39.5	0.00230	1.00	0.00173	58.1	0.920	465.7	5398	151.0	64.6	28.3	7.1		90.0	178.0
6	Size	MPPASE 2  (well A2)	29 September 2016 14:05:22	1089	0.991	471.4	471.4	25.0	39.5	0.00260	1.00	0.00273	44.6	0.991	707.5	182.8	0.000	84.2	15.8	0.0		90.0	201.2
7	Size	MPPASE 3  (well A2)	29 September 2016 14:08:21	631.5	0.889	224.4	224.4	25.0	39.5	0.00359	1.00	0.00152	81.8	0.889	400.8	2090	74.38	74.1	20.6	5.4		90.0	74.43
8	Size	MPPASE 1  (well A3)	29 September 2016 14:13:31	394.8	0.903	138.6	138.6	25.0	40.8	0.00605	1.00	0.00140	82.3	0.903	861.2	112.0	0.000	71.1	28.9	0.0		90.0	102.1
9	Size	MPPASE 2  (well A3)	29 September 2016 14:16:08	241.7	0.451	96.3	96.3	25.0	40.8	0.00657	1.00	0.00165	91.8	0.451	222.0	1730	0.000	70.3	29.7	0.0		90.0	157.7
10	Size	MPPASE 3  (well A3)	29 September 2016 14:18:46	229.0	0.393	85.1	85.1	25.0	40.8	0.00671	1.00	0.00139	89.7	0.393	295.7	108.8	0.7310	78.6	16.0	5.4		90.0	0.7214
11	Size	MPPASE 1  (well A4)	29 September 2016 14:23:36	221.5	0.527	83.3	83.3	25.0	42.0	0.00628	1.00	0.00150	85.5	0.527	155.5	1641	0.000	57.1	42.9	0.0		90.0	96.15
12	Size	MPPASE 2  (well A4)	29 September 2016 14:25:53	200.4	0.582	86.9	86.9	25.0	42.0	0.00637	1.00	0.00157	91.6	0.582	259.1	0.6713	5124	89.6	6.3	4.1		90.0	0.6507
13	Size	MPPASE 3  (well A4)	29 September 2016 14:28:10	186.0	0.610	71.3	71.3	25.0	42.0	0.00637	1.00	0.00174	90.2	0.610	123.7	1309	0.8924	66.9	25.8	7.4		90.0	0.8771
14	Size	MPPASE 1  (well B1)	29 September 2016 14:33:01	94.38	0.228	313.6	313.6	25.0	38.7	0.00231	1.00	0.00120	96.7	0.228	147.0	53.70	0.000	74.5	25.5	0.0		90.0	45.29
15	Size	MPPASE 2  (well B1)	29 September 2016 14:35:18	91.69	0.210	296.8	296.8	25.0	38.7	0.00212	1.00	0.00108	96.8	0.210	120.5	0.000	0.000	100.0	0.0	0.0		90.0	54.33
16	Size	MPPASE 3  (well B1)	29 September 2016 14:37:35	98.22	0.252	317.1	317.1	25.0	38.7	0.00226	1.00	0.00107	91.1	0.252	116.3	33.14	0.000	94.0	6.0	0.0		90.0	31.24
17	Size	MPPASE 1  (well B2)	29 September 2016 14:43:46	68.52	0.503	79.7	79.7	25.0	37.9	0.00798	1.00	0.00169	96.2	0.503	100.1	0.6062	0.000	92.2	7.8	0.0		90.0	0.5875
18	Size	MPPASE 2  (well B2)	29 September 2016 14:47:27	84.32	0.407	88.1	88.1	25.0	37.9	0.00706	1.00	0.00115	95.2	0.407	138.2	0.5361	0.000	93.9	6.1	0.0		90.0	0.5123
19	Size	MPPASE 3  (well B2)	29 September 2016 14:51:07	82.20	0.439	79.2	79.2	25.0	37.9	0.00880	1.00	0.00161	92.2	0.439	84.73	512.6	0.5573	79.7	9.5	9.0		90.0	0.5403
20	Size	MPPASE 1  (well B3)	29 September 2016 14:57:08	122.2	0.555	70.1	70.1	25.0	39.0	0.00830	1.00	0.00127	82.0	0.555	185.7	0.4786	0.000	92.6	7.4	0.0		90.0	0.4439
21	Size	MPPASE 2  (well B3)	29 September 2016 15:00:38	147.1	0.481	87.5	87.5	25.0	39.0	0.00598	1.00	0.00130	89.0	0.481	160.3	3495	44.50	80.4	15.7	4.0		90.0	42.92
22	Size	MPPASE 3  (well B3)	29 September 2016 15:04:08	131.6	0.409	76.8	76.8	25.0	39.0	0.00711	1.00	0.00155	90.3	0.409	130.4	0.6109	0.000	92.8	7.2	0.0		90.0	0.5827
23	Size	MPPASE 1  (well B4)	29 September 2016 15:11:45	72.44	0.382	42.8	42.8	25.0	39.0	0.0168	1.00	0.00798	85.9	0.382	144.8	0.7734	4939	52.7	43.4	3.9		90.0	0.6990
24	Size	MPPASE 2  (well B4)	29 September 2016 15:11:57	0.000	0.000	39.5	39.5	25.0	39.0	0.00	1.00	0.0187	0.00	0.000	3975	0.000	0.000	100.0	0.0	0.0		90.0	3049
25	Size	MPPASE 1  (well C1)	29 September 2016 15:23:08	529.2	1.000	139.0	139.0	25.0	43.6	0.00600	1.00	0.00139	69.8	1.000	173.2	1034	0.5970	60.1	33.3	6.6		90.0	0.5911
26	Size	MPPASE 2  (well C1)	29 September 2016 15:26:59	664.1	1.000	173.9	173.9	25.0	43.6	0.00545	1.00	9.14e-4	78.4	1.000	796.0	171.7	0.6675	65.7	29.1	5.2		90.0	0.6594
27	Size	MPPASE 3  (well C1)	29 September 2016 15:30:50	790.8	0.949	194.7	194.7	25.0	43.6	0.00502	1.00	0.00123	76.4	0.949	625.1	109.7	0.000	90.5	9.5	0.0		90.0	108.8
28	Size	MPPASE 1  (well C2)	29 September 2016 15:36:10	728.5	1.000	265.2	265.2	25.0	39.7	0.00487	1.00	0.00170	57.7	1.000	715.3	115.5	0.000	74.2	25.8	0.0		90.0	115.4
29	Size	MPPASE 2  (well C2)	29 September 2016 15:38:58	467.8	0.814	180.5	180.5	25.0	39.7	0.00462	1.00	0.00114	82.7	0.814	412.4	2519	98.29	66.6	17.6	15.8		90.0	90.50
30	Size	MPPASE 3  (well C2)	29 September 2016 15:41:47	519.0	0.857	225.4	225.4	25.0	39.7	0.00378	1.00	0.00120	80.7	0.857	282.2	1731	73.53	52.2	41.9	5.8		90.0	73.21
31	Size	MPPASE 1  (well C3)	29 September 2016 15:48:42	275.6	0.763	87.3	87.3	25.0	39.9	0.00784	1.00	0.00119	73.7	0.763	164.4	1090	67.58	40.5	37.0	16.1		90.0	0.6012
32	Size	MPPASE 2  (well C3)	29 September 2016 15:53:03	209.9	0.419	122.0	122.0	25.0	39.9	0.00493	1.00	0.00103	87.0	0.419	204.7	901.0	0.000	94.3	5.7	0.0		90.0	140.3
33	Size	MPPASE 3  (well C3)	29 September 2016 15:57:24	225.9	0.317	147.9	147.9	25.0	39.9	0.00390	1.00	0.00108	91.0	0.317	228.5	3354	0.000	87.4	12.6	0.0		90.0	155.8
34	Size	MPPASE 1  (well C4)	29 September 2016 16:05:20	91.77	0.463	51.2	51.2	25.0	41.2	0.0122	1.00	0.00243	87.1	0.463	141.6	0.5187	0.1477	75.0	17.1	7.9		90.0	0.1376
35	Size	MPPASE 2  (well C4)	29 September 2016 16:10:44	126.4	0.479	58.0	58.0	25.0	41.2	0.00974	1.00	0.00186	86.6	0.479	142.0	0.3290	0.8474	81.0	10.7	5.7		90.0	0.3046
36	Size	MPPASE 3  (well C4)	29 September 2016 16:16:09	158.7	0.482	58.7	58.7	25.0	41.2	0.0101	1.00	0.00188	81.6	0.482	127.8	0.7499	0.1456	76.6	12.2	6.2		90.0	0.1389
37	Size	MPPASE 1  (well D1)	29 September 2016 16:21:19	208.0	0.414	118.7	118.7	25.0	43.4	0.00736	1.00	0.00129	90.1	0.414	205.4	3598	52.62	75.3	21.2	3.4		90.0	50.25
38	Size	MPPASE 2  (well D1)	29 September 2016 16:23:57	201.3	0.553	132.1	132.1	25.0	43.4	0.00640	1.00	0.00161	86.5	0.553	391.0	120.5	0.6518	57.1	37.9	5.0		90.0	0.6448
39	Size	MPPASE 3  (well D1)	29 September 2016 16:26:35	326.2	0.416	320.0	320.0	25.0	43.4	0.00376	1.00	0.00126	89.3	0.416	199.0	632.1	0.000	61.5	38.5	0.0		90.0	170.6
40	Size	MPPASE 1  (well D2)	29 September 2016 16:32:26	224.5	0.689	80.7	80.7	25.0	50.3	0.00769	1.00	0.00157	85.4	0.689	201.9	934.0	0.4351	61.7	25.1	9.5		90.0	0.4066
41	Size	MPPASE 2  (well D2)	29 September 2016 16:35:46	152.8	0.718	70.2	70.2	25.0	50.3	0.0105	1.00	0.00253	85.5	0.718	212.6	0.5603	4345	70.9	15.1	10.0		90.0	0.5278
42	Size	MPPASE 3  (well D2)	29 September 2016 16:39:06	259.0	0.729	111.2	111.2	25.0	50.3	0.00602	1.00	0.00113	89.2	0.729	179.3	1718	5279	55.3	43.6	1.1		90.0	136.9
43	Size	MPPASE 1  (well D3)	29 September 2016 16:45:19	60.14	1.000	62.5	62.5	24.9	40.4	0.0101	1.00	0.00373	94.2	1.000	166.7	0.4494	4807	78.8	19.7	1.5		90.0	0.4233
44	Size	MPPASE 2  (well D3)	29 September 2016 16:48:59	40.80	1.000	60.6	60.6	25.0	40.4	0.0117	1.00	0.00448	91.3	1.000	145.0	0.6666	4721	74.7	23.2	2.1		90.0	0.6224
45	Size	MPPASE 3  (well D3)	29 September 2016 16:52:39	66.05	0.946	60.4	60.4	25.0	40.4	0.0116	1.00	0.00427	91.8	0.946	181.3	0.4055	4703	75.4	22.7	1.9		90.0	0.3571
46	Size	MPPASE 1  (well D4)	29 September 2016 16:58:41	9.370	0.926	53.9	53.9	25.0	45.7	0.0115	1.00	0.00595	93.5	0.926	168.2	0.5106	0.000	63.6	36.4	0.0		90.0	0.4329
47	Size	MPPASE 2  (well D4)	29 September 2016 17:02:10	15.54	1.000	54.9	54.9	25.0	45.7	0.00987	1.00	0.00621	93.9	1.000	181.5	0.6032	0.000	68.0	32.0	0.0		90.0	0.5365
48	Size	MPPASE 3  (well D4)	29 September 2016 17:05:41	9.742	0.947	53.0	53.0	25.0	45.7	0.0145	1.00	0.00812	95.4	0.947	193.7	0.5772	0.2222	52.3	26.4	14.2		90.0	0.1860
49	Size	MPPASE 1  (well E1)	29 September 2016 17:11:18	1670	0.677	555.0	17366.0	25.0	41.2	0.00504	0.0320	0.00211	55.2	0.677	1047	343.3	0.000	74.0	26.0	0.0		90.0	471.3
50	Size	MPPASE 2  (well E1)	29 September 2016 17:13:36	1299	1.000	386.4	12088.5	25.0	41.2	4.85e-4	0.0320	0.00185	63.7	1.000	582.7	0.000	0.000	100.0	0.0	0.0		90.0	570.7
51	Size	MPPASE 3  (well E1)	29 September 2016 17:15:53	1377	0.684	189.2	5918.4	25.0	41.2	0.00524	0.0320	0.00254	61.7	0.684	959.1	237.5	0.000	80.1	19.9	0.0		90.0	296.1
52	Size	MPPASE 1  (well E2)	29 September 2016 17:21:28	1240	0.977	2838.6	2838.6	25.0	39.7	8.21e-4	1.00	0.00153	75.5	0.977	438.4	2247	0.000	57.2	42.8	0.0		90.0	458.7
53	Size	MPPASE 2  (well E2)	29 September 2016 17:23:45	1349	1.000	5033.5	5033.5	25.0	39.7	0.00106	1.00	0.00101	63.5	1.000	630.5	5412	166.3	72.3	16.2	11.5		90.0	182.7
54	Size	MPPASE 3  (well E2)	29 September 2016 17:26:02	1447	0.623	2186.0	2186.0	24.9	39.7	0.00229	1.00	0.00130	77.1	0.623	842.3	293.6	5475	80.4	11.0	8.7		90.0	480.0
55	Size	MPPASE 1  (well E3)	29 September 2016 17:33:07	87.64	0.710	59.2	59.2	25.0	40.7	0.0111	1.00	0.00373	81.0	0.710	185.6	1.099	0.2799	64.9	16.5	11.2		90.0	0.2614
56	Size	MPPASE 2  (well E3)	29 September 2016 17:37:41	63.26	0.810	57.6	57.6	25.0	40.7	0.0124	1.00	0.00360	90.6	0.810	279.2	0.5253	3820	68.2	27.8	4.0		90.0	0.3983
57	Size	MPPASE 3  (well E3)	29 September 2016 17:42:14	101.5	0.821	58.4	58.4	25.0	40.7	0.0128	1.00	0.00330	90.7	0.821	162.9	2567	0.3822	47.6	23.4	19.1		90.0	0.3459
58	Size	MPPASE 1  (well E4)	29 September 2016 17:49:08	170.7	0.566	61.0	61.0	25.1	39.6	0.0108	1.00	0.00292	74.3	0.566	132.6	0.4380	4966	64.4	24.5	9.7		90.0	0.4086
59	Size	MPPASE 2  (well E4)	29 September 2016 17:53:30	98.44	0.589	59.6	59.6	25.0	39.6	0.0116	1.00	0.00236	91.1	0.589	176.6	0.2961	5189	74.8	23.0	2.2		90.0	0.2736
60	Size	MPPASE 3  (well E4)	29 September 2016 17:57:53	67.27	1.000	60.5	60.5	25.0	39.6	0.0130	1.00	0.00424	91.1	1.000	147.7	0.6424	2687	65.4	20.8	13.8		90.0	0.6128
61	Size	MPPASE 1  (well F1)	29 September 2016 18:04:16	249.2	0.464	198.3	198.3	25.0	40.2	0.00440	1.00	0.00156	38.3	0.464	175.5	829.9	0.000	76.7	23.3	0.0		90.0	138.9
62	Size	MPPASE 2  (well F1)	29 September 2016 18:08:08	285.9	0.785	146.6	146.6	25.0	40.2	0.00652	1.00	0.00134	61.8	0.785	122.0	856.4	0.6363	65.4	28.0	6.5		90.0	0.6324
63	Size	MPPASE 3  (well F1)	29 September 2016 18:11:58	338.2	0.800	115.7	115.7	25.0	40.2	0.00851	1.00	0.00172	63.0	0.800	134.1	1358	0.5687	54.9	37.3	7.8		90.0	0.5623
64	Size	MPPASE 1  (well F2)	29 September 2016 18:17:07	269.0	0.629	279.5	279.5	25.0	39.8	0.00355	1.00	0.00211	37.2	0.629	198.7	5159	0.000	89.6	10.4	0.0		90.0	186.5
65	Size	MPPASE 2  (well F2)	29 September 2016 18:19:45	178.3	0.494	85.4	85.4	25.0	39.8	0.00788	1.00	0.00151	64.8	0.494	346.5	112.4	0.3719	56.4	37.1	6.5		90.0	0.3417
66	Size	MPPASE 3  (well F2)	29 September 2016 18:22:23	207.9	0.332	303.5	303.5	25.0	39.8	0.00354	1.00	0.00188	59.5	0.332	195.7	0.000	0.000	100.0	0.0	0.0		90.0	167.5
67	Size	MPPASE 1  (well F3)	29 September 2016 18:28:26	249.8	0.596	104.8	104.8	25.0	40.3	0.00607	1.00	0.00654	30.3	0.596	141.7	0.000	0.000	100.0	0.0	0.0		90.0	139.2
68	Size	MPPASE 2  (well F3)	29 September 2016 18:31:57	199.8	0.496	97.9	97.9	25.0	40.3	0.00649	1.00	0.00198	41.7	0.496	151.4	0.6176	0.000	93.2	6.8	0.0		90.0	0.6064
69	Size	MPPASE 3  (well F3)	29 September 2016 18:35:27	144.2	0.376	77.9	77.9	25.0	40.3	0.00737	1.00	0.00168	51.1	0.376	143.7	0.5899	0.000	89.9	10.1	0.0		90.0	0.5540
70	Size	MPPASE 1  (well F4)	29 September 2016 18:42:22	71.41	0.808	61.3	61.3	25.0	41.1	0.0109	1.00	0.00376	85.5	0.808	192.9	0.4722	4707	73.3	25.5	1.2		90.0	0.4207
71	Size	MPPASE 2  (well F4)	29 September 2016 18:46:43	21.74	1.000	59.1	59.1	25.0	41.1	0.0117	1.00	0.00393	93.7	1.000	224.2	0.4010	3870	64.6	32.7	2.7		90.0	0.3348
72	Size	MPPASE 3  (well F4)	29 September 2016 18:51:06	107.7	0.606	65.6	65.6	25.0	41.1	0.0116	1.00	0.00377	86.8	0.606	199.9	0.6287	5093	78.6	19.2	2.2		90.0	0.6018
73	Size	MPPASE 1  (well G1)	29 September 2016 18:56:39	546.8	0.875	200.8	200.8	25.0	40.3	0.00444	1.00	0.00247	60.8	0.875	653.2	153.3	0.000	70.4	29.6	0.0		90.0	150.2
74	Size	MPPASE 2  (well G1)	29 September 2016 18:59:37	512.5	0.960	144.7	144.7	25.1	40.3	0.00581	1.00	0.00129	71.0	0.960	1031	215.7	0.000	60.3	39.7	0.0		90.0	214.4
75	Size	MPPASE 3  (well G1)	29 September 2016 19:02:35	455.1	0.738	150.6	150.6	25.0	40.3	0.00552	1.00	0.00151	75.4	0.738	295.9	2248	0.000	64.4	35.6	0.0		90.0	277.3
76	Size	MPPASE 1  (well G2)	29 September 2016 19:08:48	279.9	0.718	66.6	66.6	25.0	39.9	0.0101	1.00	0.00215	69.1	0.718	568.8	122.5	0.8074	52.9	34.0	7.9		90.0	0.3189
77	Size	MPPASE 2  (well G2)	29 September 2016 19:12:27	361.2	0.790	82.5	82.5	25.0	39.9	0.00860	1.00	0.00144	69.3	0.790	617.8	141.4	4954	53.4	26.8	12.3		90.0	0.5438
78	Size	MPPASE 3  (well G2)	29 September 2016 19:16:08	297.0	0.790	62.4	62.4	25.0	39.9	0.0111	1.00	0.00179	73.7	0.790	162.1	796.0	0.4722	45.0	39.8	15.2		90.0	0.4509
79	Size	MPPASE 1  (well G3)	29 September 2016 19:23:01	149.5	0.649	60.0	60.0	25.0	38.8	0.0125	1.00	0.00323	71.0	0.649	164.0	0.6571	5507	65.4	32.1	2.5		90.0	0.5776
80	Size	MPPASE 2  (well G3)	29 September 2016 19:27:24	38.25	1.000	59.4	59.4	25.0	38.8	0.0126	1.00	0.00355	87.6	1.000	332.6	0.4635	4384	72.6	26.0	1.4		90.0	0.4273
81	Size	MPPASE 3  (well G3)	29 September 2016 19:31:47	129.1	0.599	61.8	61.8	25.0	38.8	0.0115	1.00	0.00381	88.1	0.599	256.9	0.5047	4621	75.7	19.9	4.4		90.0	0.4444
82	Size	MPPASE 1  (well G4)	29 September 2016 19:39:22	25.04	1.000	51.2	51.2	25.0	37.4	0.0134	1.00	0.00388	89.5	1.000	187.9	0.9763	0.4403	63.0	15.1	15.0		90.0	0.1164
83	Size	MPPASE 2  (well G4)	29 September 2016 19:44:26	81.92	0.664	55.0	55.0	25.0	37.4	0.0144	1.00	0.00408	90.7	0.664	176.4	0.3980	4401	62.8	31.6	5.6		90.0	0.3448
84	Size	MPPASE 3  (well G4)	29 September 2016 19:49:31	111.1	0.464	62.8	62.8	25.0	37.4	0.0130	1.00	0.00243	86.6	0.464	181.2	0.5757	5241	79.7	18.4	1.9		90.0	0.5224
85	Size	MPPASE 1  (well H1)	29 September 2016 19:55:54	224.2	0.740	79.1	79.1	25.0	38.4	0.0115	1.00	0.00165	83.5	0.740	138.2	888.2	0.3367	57.7	30.4	11.8		90.0	0.3227
86	Size	MPPASE 2  (well H1)	29 September 2016 19:59:44	330.1	0.760	84.3	84.3	25.0	38.4	0.0113	1.00	0.00140	81.0	0.760	248.7	895.3	85.58	43.1	25.3	16.4		90.0	0.6069
87	Size	MPPASE 3  (well H1)	29 September 2016 20:03:35	595.9	1.000	107.6	107.6	25.0	38.4	0.00893	1.00	0.00141	77.3	1.000	589.1	93.65	5248	63.2	13.8	11.8		90.0	0.5100
88	Size	MPPASE 1  (well H2)	29 September 2016 20:10:40	765.0	1.000	119.9	119.9	25.0	38.4	0.00587	1.00	0.00137	65.6	1.000	438.1	4262	0.6069	52.1	42.4	5.5		90.0	0.5994
89	Size	MPPASE 2  (well H2)	29 September 2016 20:15:12	177.1	0.823	62.9	62.9	25.0	38.4	0.0129	1.00	0.00163	77.0	0.823	125.4	856.5	0.5907	46.7	29.5	20.5		90.0	0.5641
90	Size	MPPASE 3  (well H2)	29 September 2016 20:19:45	145.6	0.701	58.9	58.9	25.0	38.4	0.0136	1.00	0.00277	89.2	0.701	195.8	0.5574	4070	59.6	22.8	12.0		90.0	0.4971
91	Size	MPPASE 1  (well H3)	29 September 2016 20:27:51	75.68	0.657	47.0	47.0	25.0	36.8	0.0176	1.00	0.00361	90.1	0.657	179.0	0.5181	2756	56.4	31.3	12.3		90.0	0.4016
92	Size	MPPASE 2  (well H3)	29 September 2016 20:33:27	74.36	0.663	47.2	47.2	25.0	36.8	0.0187	1.00	0.00442	92.4	0.663	120.4	1641	0.6650	36.7	25.6	23.4		90.0	0.1335
93	Size	MPPASE 3  (well H3)	29 September 2016 20:39:03	246.6	0.857	60.5	60.5	25.0	36.8	0.0123	1.00	0.00142	84.7	0.857	205.7	881.6	0.4908	42.9	25.1	17.8		90.0	0.4671
94	Size	MPPASE 1  (well H4)	29 September 2016 20:47:22	41.33	1.000	46.8	46.8	25.0	36.7	0.0158	1.00	0.00331	89.3	1.000	252.8	0.7387	0.1167	64.6	24.2	9.3		90.0	0.1107
95	Size	MPPASE 2  (well H4)	29 September 2016 20:53:08	41.16	0.960	46.1	46.1	25.0	36.7	0.0195	1.00	0.00352	93.6	0.960	241.4	0.4966	4476	61.6	35.5	2.9		90.0	0.3183
96	Size	MPPASE 3  (well H4)	29 September 2016 20:58:54	20.15	0.973	44.9	44.9	25.0	36.7	0.0164	1.00	0.00388	94.1	0.973	171.2	0.5509	4269	55.5	39.9	4.6		90.0	0.5099
